0,273
0,270
10,269
10,251
10,193
10,27
10,33
10,31
10,125
11,23
11,25
9,5
8,10
8,17
8,11
8,6
8,14
63,3
63,2
63,1
63,0
57,5
57,4
57,3
57,2
57,1
57,0
56,4
56,3
56,2
56,1
56,0
55,4
55,3
55,2
55,1
55,0
53,5
53,4
53,3
53,2
53,1
53,0
51,3
51,2
51,1
51,0
50,4
50,3
50,2
50,1
50,0
46,4
46,3
46,1
45,4
45,3
45,1
42,3
42,1
20,3
20,2
20,1
19,3
19,2
19,1
12,3
12,2
12,1
18,1
11,30
18,3
11,29
11,27
11,26
11,24
11,22
11,20
11,18
11,17
11,16
11,15
11,14
11,13
11,11
11,9
11,8
11,7
11,6
11,5
11,3
11,2
11,1
10,304
10,301
10,294
10,285
10,283
10,274
10,272
10,249
